Liczba znakow: 26
Szyfrogram:
8525883523254023753570152133990139405792307917975565464277810963291657438330392999321804865731407274656321397964985193976996569469485372722957442877040500598834197497336445338086085618494057536723897755330453098809118707218821776419685225238741627957796894480208650814383887364189163113155961449973676529069521356032064982711894716253390691262468847838969346355636103772034684773698451289846669139043267689321500496049034147500585334148219270341335349423152243093030314260032601361304500719049722694662114033642993574177525913936577652654636345584898031049912315360901115019335096782536049740325468380166186008380322
10568885514147735000884380317125731371039110891117439052990018171248469733330127974968241084079746988474977664672742570510050505077297149900561383724196798001040061964120676828187332163493808391882404440838209577826999761734235798742663122588203865792718028617959278584107668624466227734519387654226258203522830073278889919556847752023663271863265945117021321831796871592101790226268180475211951615255376285297419465319136970995809435201501928881700759815812454516254683678699094107377545213961529875870942884085539895871095887449075517985015888239183227078095860582670282203666383570842813593463789650188023468144856
13859721979482929275758125630278060007387412039716784361093739233758456100702857040752670360246319783162667043781401370878407627315650939305635275477249723687509638721386054052970525614337449486336635706434162505723951710286002512118298718663270134380817569645174787047890525700694459202657256379706065056389279171324729408060181130626323402782585553180682515720123656857359799801813847320323483639210864337382788232382841960388042079313166540032459042605025715991947429367777903784563176136391412671724012498575100444122288137548928676160407756408271794774906503480609551974691053293132701088755180311211400922546275
17104698962697095695146760146930347131189642568814578308517898784573548310961771628425516280935895170548448106236394309800532840103555401920952941074112172812955502706307821145727879759857069955830338579070779755591381929540999090550298977720200037887311469079696038312374680644835101797222286988884805063883384506596446467793286247706828979938920075085499461955807279024399511145032827770629519138211314059453377301235122465875617818570853694948555968554710786134733345859970749778722657001015641089778429152100084172762169930415369715268035252682947956586147705123721760655102620794580373262716500880947619436369919
15307930969093756145942543630599918967693617608171238402971382373638541293741448128134859389853632771161549189680653226063808468721562428994432969865106088988151091383085259046261553523957972965338402943236815132380070135361034140014241384000203470222781100459726222948140553656320950457653081305937855228010412317102374896243004795847632264619764930190660027012020666633165106203999076304473212957504702226975225684476793553059752042085368376326730309389120715005597067139931076770449132900243226177686365159527530224423246592683987168325841579539226549845386496978451413951483893824432647986540860283886621650654758
15727221803281001723700614147117686024773346188326785217154888736940070687596984113950306489561209129596990081834774657513585992460962588527706482474482242397574780883864434267487909977326562388170900058257831626676078097139345188599288151691460981568083618633075920154777345676632247475760820530990707697651144195471019961960129244157438508711317201572803017799528851294067052080195825926486213986611445583168137943397688041918423173477790796144530473697706650675410786812433107899285020966682122085149989100033653820623764140553708631739901414197908647745475770966785743464355461910866082077436778915287012410348078
17409784614571780768058568338151275036272382126514215401749437713632124312163659743943318731887905896914888305109590720099430251226615359903742153252073553196285753943543614778285222317321248317302984191437223216907059972461896418557899074165680962480486073122893490275024093590659821183437541182308008489742390918815390069092257374073803808487863935724586190334914387333371927188760434059033591960388832278638071807179686497672141786988818595286120050242387741298444917614439371779300780928395503963978930998649086793264531145361318092920258727659723413253462191632847377959683254177298402941944742648723447252310179
13782272468614085915450308123149940539997114452954337299239335517091490023951143481834071400651189224874859830473604952388942028815151860653143165481284035818347752044238634761667060040595922769939396672141236177277944229647139369499602100155613657013870610101207472779156781659122867970086039051031591275703647427756044225829186435026620278540607299308415249508142946735343195220889921283223008842410890950759143439289100464469355921805649070805872814599723976684540380465823561774003576149284292910167581821335024713076330143693758121386167268505803933061327067278604601254075300099737046806876969783813694050291071
15307930969093756145942543630599918967693617608171238402971382373638541293741448128134859389853632771161549189680653226063808468721562428994432969865106088988151091383085259046261553523957972965338402943236815132380070135361034140014241384000203470222781100459726222948140553656320950457653081305937855228010412317102374896243004795847632264619764930190660027012020666633165106203999076304473212957504702226975225684476793553059752042085368376326730309389120715005597067139931076770449132900243226177686365159527530224423246592683987168325841579539226549845386496978451413951483893824432647986540860283886621650654758
13782272468614085915450308123149940539997114452954337299239335517091490023951143481834071400651189224874859830473604952388942028815151860653143165481284035818347752044238634761667060040595922769939396672141236177277944229647139369499602100155613657013870610101207472779156781659122867970086039051031591275703647427756044225829186435026620278540607299308415249508142946735343195220889921283223008842410890950759143439289100464469355921805649070805872814599723976684540380465823561774003576149284292910167581821335024713076330143693758121386167268505803933061327067278604601254075300099737046806876969783813694050291071
17409784614571780768058568338151275036272382126514215401749437713632124312163659743943318731887905896914888305109590720099430251226615359903742153252073553196285753943543614778285222317321248317302984191437223216907059972461896418557899074165680962480486073122893490275024093590659821183437541182308008489742390918815390069092257374073803808487863935724586190334914387333371927188760434059033591960388832278638071807179686497672141786988818595286120050242387741298444917614439371779300780928395503963978930998649086793264531145361318092920258727659723413253462191632847377959683254177298402941944742648723447252310179
15727221803281001723700614147117686024773346188326785217154888736940070687596984113950306489561209129596990081834774657513585992460962588527706482474482242397574780883864434267487909977326562388170900058257831626676078097139345188599288151691460981568083618633075920154777345676632247475760820530990707697651144195471019961960129244157438508711317201572803017799528851294067052080195825926486213986611445583168137943397688041918423173477790796144530473697706650675410786812433107899285020966682122085149989100033653820623764140553708631739901414197908647745475770966785743464355461910866082077436778915287012410348078
15307930969093756145942543630599918967693617608171238402971382373638541293741448128134859389853632771161549189680653226063808468721562428994432969865106088988151091383085259046261553523957972965338402943236815132380070135361034140014241384000203470222781100459726222948140553656320950457653081305937855228010412317102374896243004795847632264619764930190660027012020666633165106203999076304473212957504702226975225684476793553059752042085368376326730309389120715005597067139931076770449132900243226177686365159527530224423246592683987168325841579539226549845386496978451413951483893824432647986540860283886621650654758
17409784614571780768058568338151275036272382126514215401749437713632124312163659743943318731887905896914888305109590720099430251226615359903742153252073553196285753943543614778285222317321248317302984191437223216907059972461896418557899074165680962480486073122893490275024093590659821183437541182308008489742390918815390069092257374073803808487863935724586190334914387333371927188760434059033591960388832278638071807179686497672141786988818595286120050242387741298444917614439371779300780928395503963978930998649086793264531145361318092920258727659723413253462191632847377959683254177298402941944742648723447252310179
17409784614571780768058568338151275036272382126514215401749437713632124312163659743943318731887905896914888305109590720099430251226615359903742153252073553196285753943543614778285222317321248317302984191437223216907059972461896418557899074165680962480486073122893490275024093590659821183437541182308008489742390918815390069092257374073803808487863935724586190334914387333371927188760434059033591960388832278638071807179686497672141786988818595286120050242387741298444917614439371779300780928395503963978930998649086793264531145361318092920258727659723413253462191632847377959683254177298402941944742648723447252310179
17409784614571780768058568338151275036272382126514215401749437713632124312163659743943318731887905896914888305109590720099430251226615359903742153252073553196285753943543614778285222317321248317302984191437223216907059972461896418557899074165680962480486073122893490275024093590659821183437541182308008489742390918815390069092257374073803808487863935724586190334914387333371927188760434059033591960388832278638071807179686497672141786988818595286120050242387741298444917614439371779300780928395503963978930998649086793264531145361318092920258727659723413253462191632847377959683254177298402941944742648723447252310179
15307930969093756145942543630599918967693617608171238402971382373638541293741448128134859389853632771161549189680653226063808468721562428994432969865106088988151091383085259046261553523957972965338402943236815132380070135361034140014241384000203470222781100459726222948140553656320950457653081305937855228010412317102374896243004795847632264619764930190660027012020666633165106203999076304473212957504702226975225684476793553059752042085368376326730309389120715005597067139931076770449132900243226177686365159527530224423246592683987168325841579539226549845386496978451413951483893824432647986540860283886621650654758
5967358038083206307684625312087169130584272486334896856130152406578972408205061809900211809758306350124352485914595635447378109425343914093969491571949449138467942761746181394728683123641191285201663685087985651349399702957046198612080137074195038541259517513924287382328421521624068434966375906147166543173495452273552436384614207748893849620841692699165885580933633002777196443126761452940192261708275918364957416166833973342516827135890768540224267375280479897938748185053711117656138586800699817374567754547374083961346949395484959064892876057446064229117095966427353244172200567210737753605947677641507897555506
5967358038083206307684625312087169130584272486334896856130152406578972408205061809900211809758306350124352485914595635447378109425343914093969491571949449138467942761746181394728683123641191285201663685087985651349399702957046198612080137074195038541259517513924287382328421521624068434966375906147166543173495452273552436384614207748893849620841692699165885580933633002777196443126761452940192261708275918364957416166833973342516827135890768540224267375280479897938748185053711117656138586800699817374567754547374083961346949395484959064892876057446064229117095966427353244172200567210737753605947677641507897555506
5967358038083206307684625312087169130584272486334896856130152406578972408205061809900211809758306350124352485914595635447378109425343914093969491571949449138467942761746181394728683123641191285201663685087985651349399702957046198612080137074195038541259517513924287382328421521624068434966375906147166543173495452273552436384614207748893849620841692699165885580933633002777196443126761452940192261708275918364957416166833973342516827135890768540224267375280479897938748185053711117656138586800699817374567754547374083961346949395484959064892876057446064229117095966427353244172200567210737753605947677641507897555506
10612746027873332403405009426478023796351043262780301789732938200118843107073543992318055877091252256284270847245043663853461431511773619918842539860452971017950077083621736976403870053585563646622196482908462370238748170424575704178426176278980368937135730172365106822936810301107191210039688986050431294807079152213079910551585089237568909541083793621260275953466907194670716284635553578177136413015687991222895855513053646599231966113210118395734021414363507309778069292437493293764171401303237554506554205933404471749403687971808016599623018232654225498533813106447275664235555062795533204818900558746253747259454
15307930969093756145942543630599918967693617608171238402971382373638541293741448128134859389853632771161549189680653226063808468721562428994432969865106088988151091383085259046261553523957972965338402943236815132380070135361034140014241384000203470222781100459726222948140553656320950457653081305937855228010412317102374896243004795847632264619764930190660027012020666633165106203999076304473212957504702226975225684476793553059752042085368376326730309389120715005597067139931076770449132900243226177686365159527530224423246592683987168325841579539226549845386496978451413951483893824432647986540860283886621650654758
8525883523254023753570152133990139405792307917975565464277810963291657438330392999321804865731407274656321397964985193976996569469485372722957442877040500598834197497336445338086085618494057536723897755330453098809118707218821776419685225238741627957796894480208650814383887364189163113155961449973676529069521356032064982711894716253390691262468847838969346355636103772034684773698451289846669139043267689321500496049034147500585334148219270341335349423152243093030314260032601361304500719049722694662114033642993574177525913936577652654636345584898031049912315360901115019335096782536049740325468380166186008380322
1504341571321058132292469232550326523549666947603048297904233873003379798067232754516443444242345124994843807013479681897747250697034499029420731523276555931668569504000642376034274273791432582870994050128871581754230406740737330413438143612099194882143260099231852156401280557514541388252032354296829399460434379149100688331865482108566421687607281959032780168381496875297109611146925228735049271261658385492002528899219019867213428030853966883718951967269077424470377481048626805688741218913444936103930459490691105824398905830749180875979136127951929727263520945358866154881154452264615755265064262930953451276116
4836008475248395145054970234770951332976015595601800960398196820377031883743749677355435688360589235216362345471444625126605694283270365541725701049351907788328274850041959205334403563463591150926555084799505121480138726965825790252726893252626165445275684298021348033369343333799110769965796269055988530062697497878875560255628664605316893225080545645939360207549094081170281394315053988300382182805941055619340696786611943544373306851920036196566408999072727666629669393922519123017226270464701471605312420667540376369443867401341431552369649814085371210150109876192793123925276676539952937839281244499036919863141
4836008475248395145054970234770951332976015595601800960398196820377031883743749677355435688360589235216362345471444625126605694283270365541725701049351907788328274850041959205334403563463591150926555084799505121480138726965825790252726893252626165445275684298021348033369343333799110769965796269055988530062697497878875560255628664605316893225080545645939360207549094081170281394315053988300382182805941055619340696786611943544373306851920036196566408999072727666629669393922519123017226270464701471605312420667540376369443867401341431552369649814085371210150109876192793123925276676539952937839281244499036919863141
